MagicCube4D 3 3 273 {4,3,3} 2
0.822547018449792 -0.1522762513381134 0.5479309680222221 8.492338776644458E-15
0.08113612432729601 -0.9222057153574509 -0.378091983373356 -2.14585293978331E-14
0.5628795002205207 0.35545542876774894 -0.746202456703965 8.123710037999389E-15
-9.816955877416452E-15 -2.138361377458878E-14 -6.704580959055826E-15 1.0
*
20,1,2 139,1,1 37,-1,1 129,1,2 183,1,2 79,-1,2 105,-1,1 63,-1,2 168,1,1 112,-1,1
177,1,1 77,-1,2 182,1,1 114,1,1 12,-1,2 145,1,2 117,-1,2 175,1,1 16,-1,1 70,1,2
m| 23,1,1 76,1,1 156,-1,1 106,-1,1 187,1,1 79,-1,1 187,-1,1 131,1,1 156,1,1
158,1,1 158,1,1 128,1,1 47,-1,1 104,1,1 131,-1,1 213,1,1 213,1,1 24,1,1 24,1,1
131,1,1 131,1,1 20,1,1 20,1,1 104,1,1 24,-1,1 51,1,1 131,1,1 24,-1,1 131,-1,1
51,1,1 52,1,1 52,1,1 51,1,1 104,-1,1 156,-1,1 214,1,1 156,1,1 214,1,1 156,-1,1
214,1,1 214,1,1 156,1,1 105,1,1 104,1,1 209,-1,1 102,1,1 209,-1,1 102,-1,1 209,1,1
209,1,1 102,1,1 156,-1,1 102,-1,1 209,-1,1 102,1,1 209,1,1 156,1,1 212,-1,1 50,-1,1
212,1,1 50,1,1 212,1,1 77,-1,1 212,-1,1 212,-1,1 50,1,1 212,1,1 50,1,1 212,-1,1
50,-1,1 212,1,1 77,1,1 184,-1,1 211,-1,1 184,1,1 211,1,1 184,1,1 157,-1,1 184,-1,1
157,1,1 210,1,1 159,1,1 210,-1,1 159,-1,1 210,-1,1 159,1,1 210,1,1 159,-1,1 210,1,1
159,1,1 210,-1,1 159,-1,1 210,-1,1 159,-1,1 210,-1,1 159,1,1 210,1,1 159,1,1 210,1,1
159,-1,1 210,-1,1 159,1,1 210,-1,1 159,-1,1 210,1,1 159,1,1 210,1,1 159,-1,1 210,-1,1
159,-1,1 210,1,1 159,1,1 155,1,1 47,1,1 155,-1,1 47,1,1 155,1,1 47,1,1 47,1,1
155,-1,1 47,1,1 47,1,1 130,-1,1 159,-1,1 130,-1,1 159,1,1 130,1,1 159,-1,1 130,1,1
159,1,1 130,1,1 160,1,1 130,-1,1 160,-1,1 130,-1,1 160,1,1 130,1,1 187,1,1 79,-1,1
133,1,1 79,1,1 79,1,1 133,-1,1 52,-1,1 133,-1,1 79,-1,1 133,1,1 79,1,1 133,-1,1
79,-1,1 133,1,1 79,1,1 52,1,1 187,-1,1 79,-1,1 187,1,1 79,1,1 187,1,1 133,-1,1
187,-1,1 187,-1,1 79,1,1 187,1,1 79,1,1 187,-1,1 79,-1,1 187,1,1 133,1,1 211,1,1
182,1,1 211,-1,1 182,-1,1 210,1,1 182,-1,1 210,-1,1 182,-1,1 210,1,1 182,1,1 210,-1,1
182,1,1 210,1,1 182,1,1 194,-1,1 182,-1,1 211,-1,1 182,-1,1 214,1,1 214,1,1 210,1,1
182,-1,1 210,-1,1 182,-1,1 211,-1,1 182,-1,1 211,1,1 182,1,1 211,-1,1 182,1,1 211,1,1
210,1,1 182,1,1 210,-1,1 182,1,1 210,1,1 182,-1,1 211,-1,1 182,-1,1 211,1,1 182,1,1
211,-1,1 182,1,1 211,1,1 182,1,1 210,1,1 182,-1,1 210,-1,1 182,-1,1 182,-1,1 211,-1,1
182,1,1 211,1,1 182,1,1 211,-1,1 182,1,1 211,1,1 182,-1,1 211,-1,1 182,-1,1 211,1,1
182,1,1 210,1,1 182,1,1 210,-1,1 210,-1,1 182,-1,1 51,1,1 51,1,1 101,1,1 209,1,1
101,-1,1 209,-1,1 101,-1,1 209,1,1 101,1,1 209,-1,1 101,1,1 209,1,1 101,-1,1 209,-1,1
101,-1,1 209,-1,1 101,1,1 101,1,1 209,1,1 101,1,1 209,1,1 101,1,1 209,-1,1 101,-1,1
209,1,1 101,-1,1 209,-1,1 101,1,1 209,1,1 101,1,1 209,-1,1 101,-1,1 209,-1,1 101,-1,1
101,-1,1 209,1,1 48,1,1 48,1,1.
