MagicCube4D 3 2 73 {8}x{4} 3
-0.313600403657385 -0.37109657787787 0.8740174074847097 -0.0059739540478954125
0.9421841735753084 -0.23542873883275128 0.23817785206593634 0.011558666925315243
0.11729722010176938 0.8982346002972139 0.4235145325673794 0.007169776114745282
-0.01360632377005317 -0.005936467624658235 -5.682457199005029E-4 0.9998896456121585
*
129,-1,2 233,-1,2 156,-1,4 335,1,2 302,-1,4 106,-1,4 261,1,4 157,-1,1 363,1,2 287,-1,1
70,-1,4 105,1,2 413,1,2 178,1,1 20,1,2 207,1,2 302,1,1 245,-1,1 187,1,1 209,-1,1
16,-1,2 398,-1,4 125,1,2 156,-1,2 314,1,4 157,-1,4 126,1,1 98,1,4 21,1,2 290,1,2
75,1,4 125,1,2 214,1,1 157,-1,4 25,-1,1 72,1,2 350,1,2 180,1,1 156,-1,1 98,1,4
315,-1,1 151,-1,2 315,-1,1 334,1,4 386,-1,4 21,-1,2 416,-1,1 132,-1,4 236,1,4 416,1,2
248,-1,4 296,-1,1 261,-1,2 211,-1,4 287,-1,4 179,-1,2 341,1,4 404,1,4 160,-1,4 341,1,1
73,-1,4 314,-1,2 180,1,4 46,1,2 361,-1,4 409,1,4 338,1,4 98,-1,2 182,1,1 16,1,4
50,1,4 258,-1,1 155,-1,2 79,-1,4 46,-1,4 257,1,2 284,-1,1 157,1,1 132,1,1 73,1,1
97,-1,2 293,-1,2 m| 311,1,1 362,1,1 413,1,1 362,1,1 316,1,1 316,1,1 316,1,1
128,1,1 316,1,1 155,1,1 182,-1,1 316,-1,1 316,-1,1 316,-1,1 102,-1,1 182,-1,1 316,1,1
210,1,1 316,1,4 316,1,4 316,1,4 75,1,1 316,1,1 316,1,1 47,1,1 159,-1,1 186,1,1
132,1,1 159,1,1 105,1,1 78,1,1 51,1,1 24,1,1 105,1,1 78,1,1 51,1,1 78,1,1
105,1,1 367,1,1 367,1,1 367,1,1 155,-1,1 367,1,1 155,1,1 367,1,1 367,1,1 367,1,1
210,-1,1 367,1,1 210,1,1 367,1,1 367,1,1 20,1,1 127,1,1 367,-1,1 127,1,1 367,-1,1
367,-1,1 48,-1,1 359,1,1 48,1,1 367,-1,1 367,-1,1 367,-1,1 208,1,1 367,-1,1 208,1,1
367,-1,1 362,1,1 367,-1,1 102,1,1 361,1,1 102,-1,1.
